0 73.421959585241 22.2726274385455 1
0 83.7518573662973 11.4724117570894 3
0 90.792845945243 39.4376417433087 4
0 73.421959585241 22.2726274385455 1
2 73.421959585241 22.2726274385455 1
0 90.792845945243 39.4376417433087 4
0 73.421959585241 22.2726274385455 1
0 73.421959585241 22.2726274385455 1
0 90.792845945243 39.4376417433087 4
0 73.421959585241 22.2726274385455 1
1 89.6868970383363 16.9217216348842 2
1 109.119774982855 20.0583911268312 2
1 89.6868970383363 16.9217216348842 2
1 89.6868970383363 16.9217216348842 2
1 89.6868970383363 16.9217216348842 2
1 89.6868970383363 16.9217216348842 2
1 89.6868970383363 16.9217216348842 2
2 122.093419200784 23.4879218710065 3
3 89.6868970383363 16.9217216348842 2
1 89.6868970383363 16.9217216348842 2
3 89.6868970383363 16.9217216348842 2
5 89.6868970383363 16.9217216348842 2
7 89.6868970383363 16.9217216348842 2
7 89.6868970383363 16.9217216348842 2
7 89.6868970383363 16.9217216348842 2
7 89.6868970383363 16.9217216348842 2
8 111.69578871303 24.9675692641025 2
9 119.715076191218 23.5488738555223 1
9 96.7957186125199 28.462899415038 1
11 119.715076191218 23.5488738555223 1
11 119.715076191218 23.5488738555223 1
11 119.715076191218 23.5488738555223 1
11 119.715076191218 23.5488738555223 1
12 126.391238861899 13.7971159647205 2
12 126.391238861899 13.7971159647205 2
12 126.391238861899 13.7971159647205 2
12 126.391238861899 13.7971159647205 2
13 129.587488467613 19.9492396507176 2
13 81.7239853095841 12.1449413439934 2
13 81.7239853095841 12.1449413439934 2
15 81.7239853095841 12.1449413439934 2
13 81.7239853095841 12.1449413439934 2
15 81.7239853095841 12.1449413439934 2
15 81.7239853095841 12.1449413439934 2
15 81.7239853095841 12.1449413439934 2
15 81.7239853095841 12.1449413439934 2
15 81.7239853095841 12.1449413439934 2
15 81.7239853095841 12.1449413439934 2
15 81.7239853095841 12.1449413439934 2
17 81.7239853095841 12.1449413439934 2
15 81.7239853095841 12.1449413439934 2
16 137.06318560851 37.9779281783746 2
18 137.06318560851 37.9779281783746 2
15 81.7239853095841 12.1449413439934 2
15 81.7239853095841 12.1449413439934 2
16 98.2615106358479 14.4342055797736 3
17 81.7239853095841 12.1449413439934 2
18 101.709856484882 30.0933705503556 2
17 81.7239853095841 12.1449413439934 2
17 81.7239853095841 12.1449413439934 2
17 81.7239853095841 12.1449413439934 2
17 81.7239853095841 12.1449413439934 2
17 81.7239853095841 12.1449413439934 2
19 81.7239853095841 12.1449413439934 2
18 81.6015008192516 26.239379796311 1
19 81.7239853095841 12.1449413439934 2
18 81.6015008192516 26.239379796311 1
20 81.6015008192516 26.239379796311 1
20 81.6015008192516 26.239379796311 1
21 95.5633903832936 31.7295154238723 2
21 84.2781522983118 22.2689937158809 1
21 139.010441973345 27.781604131582 1
23 95.5633903832936 31.7295154238723 2
21 139.010441973345 27.781604131582 1
23 95.5633903832936 31.7295154238723 2
23 95.5633903832936 31.7295154238723 2
23 95.5633903832936 31.7295154238723 2
23 95.5633903832936 31.7295154238723 2
23 95.5633903832936 31.7295154238723 2
25 95.5633903832936 31.7295154238723 2
23 95.5633903832936 31.7295154238723 2
23 95.5633903832936 31.7295154238723 2
23 95.5633903832936 31.7295154238723 2
25 95.5633903832936 31.7295154238723 2
25 95.5633903832936 31.7295154238723 2
25 95.5633903832936 31.7295154238723 2
25 95.5633903832936 31.7295154238723 2
26 107.318600140195 27.0938912579296 2
26 107.318600140195 27.0938912579296 2
26 89.2642017217652 29.7306612784651 1
27 95.4289748684638 11.0680231922623 1
26 89.2642017217652 29.7306612784651 1
26 89.2642017217652 29.7306612784651 1
29 95.4289748684638 11.0680231922623 1
26 89.2642017217652 29.7306612784651 1
26 89.2642017217652 29.7306612784651 1
26 89.2642017217652 29.7306612784651 1
26 89.2642017217652 29.7306612784651 1
28 89.2642017217652 29.7306612784651 1
26 89.2642017217652 29.7306612784651 1
26 89.2642017217652 29.7306612784651 1
26 89.2642017217652 29.7306612784651 1
26 89.2642017217652 29.7306612784651 1
26 89.2642017217652 29.7306612784651 1
26 89.2642017217652 29.7306612784651 1
28 89.2642017217652 29.7306612784651 1
26 89.2642017217652 29.7306612784651 1
26 89.2642017217652 29.7306612784651 1
28 89.2642017217652 29.7306612784651 1
26 89.2642017217652 29.7306612784651 1
26 89.2642017217652 29.7306612784651 1
28 89.2642017217652 29.7306612784651 1
27 131.369009907995 37.8462745192676 1
28 89.2642017217652 29.7306612784651 1
28 89.2642017217652 29.7306612784651 1
27 131.369009907995 37.8462745192676 1
27 131.369009907995 37.8462745192676 1
28 89.2642017217652 29.7306612784651 1
30 89.2642017217652 29.7306612784651 1
30 89.2642017217652 29.7306612784651 1
31 123.854292884401 36.38910202607 1
31 94.8485751984867 18.1910261596511 2
31 126.80103476476 12.2483369532266 2
33 123.854292884401 36.38910202607 1
32 125.973277532483 11.4651886659978 1
33 123.854292884401 36.38910202607 1
35 123.854292884401 36.38910202607 1
33 123.854292884401 36.38910202607 1
34 95.2230257704961 22.685384062438 1
33 123.854292884401 36.38910202607 1
33 123.854292884401 36.38910202607 1
35 73.057368403793 16.906380949964 2
36 114.747511844499 34.0516382428127 2
36 138.759096972066 17.7529049328309 1
36 114.747511844499 34.0516382428127 2
38 114.747511844499 34.0516382428127 2
36 114.747511844499 34.0516382428127 2
40 114.747511844499 34.0516382428127 2
41 122.760801270027 32.5254162598985 1
43 122.760801270027 32.5254162598985 1
43 122.760801270027 32.5254162598985 1
41 122.760801270027 32.5254162598985 1
44 66.940071548773 37.4009371723053 1
44 66.940071548773 37.4009371723053 1
43 122.760801270027 32.5254162598985 1
45 122.760801270027 32.5254162598985 1
44 66.940071548773 37.4009371723053 1
45 122.760801270027 32.5254162598985 1
45 122.760801270027 32.5254162598985 1
45 122.760801270027 32.5254162598985 1
47 122.760801270027 32.5254162598985 1
47 122.760801270027 32.5254162598985 1
49 122.760801270027 32.5254162598985 1
47 122.760801270027 32.5254162598985 1
47 122.760801270027 32.5254162598985 1
49 122.760801270027 32.5254162598985 1
49 122.760801270027 32.5254162598985 1
50 105.346270224706 13.3443976255806 3
50 99.1100285756914 29.7450112783094 2
51 127.337675871019 20.09595999033 1
53 127.337675871019 20.09595999033 1
53 127.337675871019 20.09595999033 1
53 127.337675871019 20.09595999033 1
55 127.337675871019 20.09595999033 1
53 127.337675871019 20.09595999033 1
53 127.337675871019 20.09595999033 1
55 127.337675871019 20.09595999033 1
54 65.3269818077455 23.4147416397067 1
55 127.337675871019 20.09595999033 1
55 127.337675871019 20.09595999033 1
57 127.337675871019 20.09595999033 1
57 127.337675871019 20.09595999033 1
57 127.337675871019 20.09595999033 1
57 127.337675871019 20.09595999033 1
58 129.530274490607 33.0790515956837 2
58 113.987305450247 15.6088458819356 2
57 127.337675871019 20.09595999033 1
60 129.530274490607 33.0790515956837 2
62 129.530274490607 33.0790515956837 2
62 129.530274490607 33.0790515956837 2
62 129.530274490607 33.0790515956837 2
62 129.530274490607 33.0790515956837 2
62 129.530274490607 33.0790515956837 2
62 129.530274490607 33.0790515956837 2
62 129.530274490607 33.0790515956837 2
62 129.530274490607 33.0790515956837 2
62 129.530274490607 33.0790515956837 2
62 129.530274490607 33.0790515956837 2
62 129.530274490607 33.0790515956837 2
62 129.530274490607 33.0790515956837 2
63 96.1486369912273 18.9974482120003 1
62 129.530274490607 33.0790515956837 2
62 129.530274490607 33.0790515956837 2
63 111.202376136185 34.9928265600432 1
63 125.912410908338 33.2515789350735 1
62 129.530274490607 33.0790515956837 2
63 111.202376136185 34.9928265600432 1
64 117.479718056265 12.2065549400666 1
65 126.818012663544 14.5143277591627 3
65 116.877919387481 14.8553611081351 3
67 126.818012663544 14.5143277591627 3
67 126.818012663544 14.5143277591627 3
68 67.9920151494406 27.3393519396611 2
69 126.818012663544 14.5143277591627 3
70 86.9755644849388 32.8262650467578 1
70 89.1163307936473 37.228354987329 1
70 131.988542411471 23.6835582152398 2
70 131.988542411471 23.6835582152398 2
70 131.988542411471 23.6835582152398 2
72 131.988542411471 23.6835582152398 2
72 131.988542411471 23.6835582152398 2
72 131.988542411471 23.6835582152398 2
72 131.988542411471 23.6835582152398 2
73 128.511595832422 26.9116418468354 1
75 128.511595832422 26.9116418468354 1
73 86.7944936951597 22.0120762018543 1
75 128.511595832422 26.9116418468354 1
75 128.511595832422 26.9116418468354 1
75 128.511595832422 26.9116418468354 1
75 128.511595832422 26.9116418468354 1
75 128.511595832422 26.9116418468354 1
75 128.511595832422 26.9116418468354 1
75 128.511595832422 26.9116418468354 1
77 128.511595832422 26.9116418468354 1
75 128.511595832422 26.9116418468354 1
76 120.218808418242 27.6073421992396 2
78 120.218808418242 27.6073421992396 2
76 122.66135781196 14.4524945572263 2
76 122.66135781196 14.4524945572263 2
77 120.23894804541 33.5749024541932 1
77 127.706944713233 19.420255869357 1
77 127.706944713233 19.420255869357 1
77 127.706944713233 19.420255869357 1
78 68.3506170326614 37.1561106513981 1
77 127.706944713233 19.420255869357 1
79 127.706944713233 19.420255869357 1
79 127.706944713233 19.420255869357 1
79 127.706944713233 19.420255869357 1
80 98.0561175374576 39.1525411415624 1
81 127.706944713233 19.420255869357 1
82 115.61869754252 25.8267912295772 3
82 75.6932278050544 15.230822928823 2
84 115.61869754252 25.8267912295772 3
82 75.6932278050544 15.230822928823 2
84 115.61869754252 25.8267912295772 3
84 115.61869754252 25.8267912295772 3
85 64.9429284059177 11.5421157197757 2
87 64.9429284059177 11.5421157197757 2
84 115.61869754252 25.8267912295772 3
85 64.9429284059177 11.5421157197757 2
85 64.9429284059177 11.5421157197757 2
85 64.9429284059177 11.5421157197757 2
87 64.9429284059177 11.5421157197757 2
89 64.9429284059177 11.5421157197757 2
85 64.9429284059177 11.5421157197757 2
86 117.820260700686 26.2416114640616 3